%YAML:1.0
---
mtx: !!opencv-matrix
   rows: 3
   cols: 3
   dt: d
   data: [ 7.2691678084493969e+03, 0., 2.0467402223788556e+03, 0.,
       7.7704774463411140e+03, 1.0696171720902921e+03, 0., 0., 1. ]
dist: !!opencv-matrix
   rows: 1
   cols: 5
   dt: d
   data: [ 4.7037734676619486e-01, -8.0084034564698243e+01,
       4.8138160490185405e-02, -7.4229898983770937e-01,
       5.8477967053777149e+02 ]
rms: 1.9686129791673956e+01
mean_error: 2
frame: !!opencv-matrix
   rows: 150
   cols: 1
   dt: i
   data: [ 25, 26, 27, 51, 53, 54, 55, 57, 58, 59, 60, 61, 62, 77, 78,
       79, 80, 81, 82, 83, 84, 85, 86, 87, 88, 89, 90, 92, 110, 111, 112,
       113, 115, 116, 117, 118, 119, 120, 121, 124, 140, 142, 143, 145,
       146, 148, 149, 150, 151, 152, 154, 159, 160, 161, 164, 165, 166,
       167, 168, 171, 172, 173, 180, 181, 203, 204, 205, 206, 207, 208,
       209, 210, 211, 212, 213, 215, 216, 217, 218, 219, 220, 221, 222,
       223, 224, 254, 257, 259, 260, 261, 262, 263, 264, 265, 266, 267,
       268, 269, 270, 271, 272, 273, 274, 275, 276, 277, 278, 279, 281,
       282, 283, 284, 286, 287, 288, 289, 290, 292, 293, 294, 295, 297,
       298, 299, 301, 302, 303, 304, 305, 306, 307, 308, 310, 311, 312,
       316, 317, 318, 319, 320, 321, 323, 325, 326, 327, 329, 330, 331,
       332, 333 ]
error_in_frame: !!opencv-matrix
   rows: 150
   cols: 1
   dt: d
   data: [ 7.8765029635182291e+00, 7.4987373976946028e+00,
       7.7016054035067949e+00, 5.7514525455933398e+00,
       5.5670603014654541e+00, 5.5982270950942103e+00,
       5.6459458289607705e+00, 4.9787701920110914e+00,
       4.9196476962747591e+00, 5.3245475115018746e+00,
       5.8603337300564107e+00, 5.8996459978357043e+00,
       5.9942516842009326e+00, 4.0997822012745981e+00,
       3.9457967982503117e+00, 3.9713982849413356e+00,
       3.9801907881790144e+00, 3.7884187744224502e+00,
       3.7571945538417926e+00, 3.7579269641439192e+00,
       3.9512729247871174e+00, 4.4173645781991180e+00,
       4.2404155772373961e+00, 4.2343120699840844e+00,
       4.3010285563770880e+00, 4.4856534783070394e+00,
       4.3818359569743226e+00, 4.4097522751701934e+00,
       3.5967854604809655e+00, 3.2574763228643651e+00,
       3.1161369106212651e+00, 2.8504606387882236e+00,
       2.4868361229162925e+00, 2.5815035680717511e+00,
       2.7691186833667070e+00, 2.9598102545417446e+00,
       3.2091483382851207e+00, 3.2171811674164270e+00,
       2.8746263636528542e+00, 2.8083610941188746e+00,
       2.8091447384914132e+00, 3.0747556296324663e+00,
       3.1935868892302270e+00, 3.2138340052491303e+00,
       3.1941946627781346e+00, 3.1002523106425510e+00,
       3.1456988131566872e+00, 3.1425639959237390e+00,
       3.1469253621236422e+00, 3.1814121720089301e+00,
       2.7732222238057087e+00, 2.8040684693728695e+00,
       2.8017536030994399e+00, 2.7639509412408163e+00,
       2.4731215673952600e+00, 2.5667368551701677e+00,
       2.5832714864021256e+00, 2.5824212839256995e+00,
       2.5782652024595092e+00, 2.2885566878535188e+00,
       2.3692409979926339e+00, 2.3735657283530460e+00,
       2.6535636455846410e+00, 2.6119816022369027e+00,
       2.2501752910173320e+00, 1.8420258572999684e+00,
       1.7501556273850676e+00, 1.7334599795888039e+00,
       1.8313123465364802e+00, 2.1003113016687176e+00,
       2.0982084714869291e+00, 2.1021007727559424e+00,
       2.0362520408231863e+00, 2.2245785843303492e+00,
       2.2609335279301921e+00, 2.2692101045425614e+00,
       2.2453508676220562e+00, 2.2519648323717498e+00,
       2.2504446969770586e+00, 1.8120905861191183e+00,
       1.8169939024034072e+00, 1.8278006254705033e+00,
       1.8441546349837485e+00, 1.8356953898824948e+00,
       1.8287034384602376e+00, 1.8471669541757798e+00,
       2.0548229382742562e+00, 2.0617163723413139e+00,
       1.6985254967267216e+00, 1.4945385187742262e+00,
       1.5579740452286956e+00, 1.5936882695278471e+00,
       1.9872541432687592e+00, 2.0828051029786647e+00,
       2.0865194170162393e+00, 1.7722827281823421e+00,
       1.2433065417094888e+00, 1.2407068317221965e+00,
       1.3546465255204283e+00, 1.6965038827940226e+00,
       1.7845671907365506e+00, 1.9275000030976392e+00,
       1.8934545937293017e+00, 1.9786199083847180e+00,
       1.9690795050766459e+00, 1.9719239375692481e+00,
       1.8315980981505020e+00, 1.7238445562150313e+00,
       1.8125801673167232e+00, 1.8393306796424485e+00,
       1.8160227762142787e+00, 1.8521564718387842e+00,
       1.8642222138610038e+00, 1.8604393669450070e+00,
       1.8708347927750457e+00, 1.8422293025935852e+00,
       1.8580809230543929e+00, 1.8691139868619790e+00,
       1.8283903463100564e+00, 1.8380212277123973e+00,
       1.3951078454041752e+00, 1.3369987629924163e+00,
       1.3419271769840275e+00, 1.4120038900189416e+00,
       1.5964848015930448e+00, 1.8401469975947209e+00,
       1.8419923879973548e+00, 1.8400753738220523e+00,
       1.8282154063824771e+00, 1.8058545000146999e+00,
       1.7605449032539184e+00, 1.9678366799383404e+00,
       1.8602286886436643e+00, 1.8757437236847905e+00,
       1.8816507835759830e+00, 1.8475998576404229e+00,
       1.9098994456062770e+00, 1.7043217800708412e+00,
       1.7454984551827237e+00, 1.4381776500052361e+00,
       1.4774303547032082e+00, 1.5571233821674413e+00,
       1.3758694947100585e+00, 1.1444666103444276e+00,
       1.0254092620006388e+00, 1.5482994570661242e+00,
       1.5620691046356050e+00, 1.4611811011444487e+00,
       1.4803221312945547e+00, 1.3771751928402767e+00 ]
