%YAML:1.0
---
mtx: !!opencv-matrix
   rows: 3
   cols: 3
   dt: d
   data: [ 7.9746586878142243e+03, 0., 2.1324069497416740e+03, 0.,
       1.1360757722745800e+04, 1.1207518830136380e+03, 0., 0., 1. ]
dist: !!opencv-matrix
   rows: 1
   cols: 5
   dt: d
   data: [ 8.7329432240070037e+00, -2.4628556048989424e+02,
       9.2104534700758536e-02, -2.8248614189912530e-01,
       2.1230856396007080e+03 ]
rms: 2.5877772863567436e+01
mean_error: 3
frame: !!opencv-matrix
   rows: 150
   cols: 1
   dt: i
   data: [ 2, 3, 4, 5, 7, 9, 10, 11, 13, 18, 19, 20, 35, 36, 37, 38, 39,
       40, 42, 43, 50, 51, 52, 53, 54, 55, 56, 57, 58, 59, 60, 61, 62,
       69, 70, 71, 72, 73, 74, 75, 76, 77, 78, 79, 80, 81, 82, 83, 84,
       85, 87, 89, 90, 104, 105, 106, 107, 108, 109, 110, 111, 112, 113,
       115, 116, 117, 118, 119, 120, 121, 137, 138, 139, 140, 141, 142,
       143, 144, 145, 146, 147, 148, 149, 150, 151, 152, 154, 155, 156,
       157, 158, 159, 160, 161, 162, 163, 164, 165, 166, 167, 168, 169,
       170, 171, 172, 173, 174, 175, 176, 177, 178, 179, 180, 181, 182,
       183, 186, 187, 201, 202, 203, 204, 205, 206, 207, 208, 209, 210,
       211, 212, 213, 214, 215, 216, 217, 218, 219, 220, 221, 222, 223,
       224, 256, 257, 258, 259, 261, 262, 263, 264 ]
error_in_frame: !!opencv-matrix
   rows: 150
   cols: 1
   dt: d
   data: [ 6.5568199005537391e+00, 6.7650913992281998e+00,
       6.8337489100665687e+00, 6.7440730377740783e+00,
       6.1010026847857315e+00, 6.0369622737371609e+00,
       6.2892216289977476e+00, 7.0438373259320022e+00,
       7.3806986837211461e+00, 7.7995554777388296e+00,
       7.7429453549477385e+00, 7.6170155482093715e+00,
       6.4606238215252807e+00, 6.4387524717605826e+00,
       6.3184606129901733e+00, 5.9541263693495434e+00,
       6.0026839231881475e+00, 5.9227863486965733e+00,
       5.9285840763658406e+00, 5.9006593186825995e+00,
       5.9522459601831903e+00, 5.7202207898907815e+00,
       5.7286474749930454e+00, 5.8411900113568178e+00,
       5.7658492957884127e+00, 5.7130182132126928e+00,
       4.9504903076526254e+00, 4.7357977175190991e+00,
       4.7725872642688856e+00, 4.6827274199697930e+00,
       4.4882617671183347e+00, 4.5522662406913268e+00,
       4.8647728526145251e+00, 5.7714041295092935e+00,
       5.9713170308146282e+00, 6.0591673624424027e+00,
       5.5810402180705259e+00, 4.9791479177721394e+00,
       4.9053410171663918e+00, 5.0220679562688355e+00,
       4.4423675511614045e+00, 4.0942702801167101e+00,
       3.9272961703215228e+00, 3.9669979145041379e+00,
       4.0767899531211764e+00, 3.8577020459690532e+00,
       3.8133069944054609e+00, 3.7856080598212483e+00,
       3.8694142335677379e+00, 3.7836587682720646e+00,
       3.6969388644690895e+00, 4.1183955679865472e+00,
       4.0631354187006314e+00, 4.3173201954638696e+00,
       3.7944066851941809e+00, 3.2308228952267597e+00,
       2.9957750893501487e+00, 3.0110967974901173e+00,
       3.2699619960128077e+00, 3.0653775598599626e+00,
       3.1060750694870278e+00, 3.0184158029706882e+00,
       2.5286680403169224e+00, 2.6615103851684179e+00,
       2.7192506261007328e+00, 2.8871335240275218e+00,
       3.0530495527945813e+00, 3.0994228583692132e+00,
       3.0955354014214453e+00, 3.0040649795299799e+00,
       2.7934396079375379e+00, 2.7567146912978711e+00,
       2.8189508160513710e+00, 2.8146581788000722e+00,
       2.8165209777974187e+00, 3.0674438848466026e+00,
       3.0714119614626516e+00, 3.0308713345952296e+00,
       3.0487547176005738e+00, 3.1674152575654988e+00,
       3.1017926649764234e+00, 3.1004095238911629e+00,
       3.0715039973928246e+00, 3.0579400821478742e+00,
       3.0532716594891638e+00, 3.0413666953879854e+00,
       2.8118505183167994e+00, 2.7695627300581034e+00,
       2.8106751967724368e+00, 2.6904012418950449e+00,
       2.8409018243494728e+00, 2.6344373828945731e+00,
       2.6350374115768491e+00, 2.5704795398934528e+00,
       1.9887947201039773e+00, 2.0811839536867334e+00,
       2.1769644473203482e+00, 2.3081663865664606e+00,
       2.3406189214910444e+00, 2.3286439682125635e+00,
       2.3278844600934891e+00, 2.6742533138745506e+00,
       2.6058175825716057e+00, 2.3849125874796169e+00,
       2.4468639456178245e+00, 2.4548705024596509e+00,
       2.6026452236205206e+00, 2.5508281714154610e+00,
       2.5529973922129052e+00, 2.5503404022998968e+00,
       2.6473335031840191e+00, 2.6247055089703064e+00,
       2.5863665143434771e+00, 2.5220126484650423e+00,
       2.5837097515900553e+00, 2.4594596669626014e+00,
       2.3359726348348242e+00, 2.3455699059419262e+00,
       2.2377072235894579e+00, 2.0959654180479337e+00,
       2.2396559215219338e+00, 1.8795416620932466e+00,
       1.8087855148284213e+00, 1.7926627288918291e+00,
       1.8894526928594069e+00, 1.9582667210417106e+00,
       1.9570585985796791e+00, 1.9709369351524932e+00,
       1.8863170678637486e+00, 2.1989615578535315e+00,
       2.2326960671748068e+00, 2.2340659950527653e+00,
       2.2175785928540330e+00, 2.1585795737953877e+00,
       2.1649163746384787e+00, 2.1634878989834978e+00,
       1.7404389479415343e+00, 1.8616997772396824e+00,
       1.8675037526980580e+00, 1.8817107145803265e+00,
       1.8753458749152139e+00, 1.8769815694689675e+00,
       1.9901588138273851e+00, 1.9380748520986040e+00,
       1.9549150335904164e+00, 1.9427171680508073e+00,
       1.2204308794279497e+00, 1.2903352767586933e+00,
       1.3413570592032749e+00, 1.7979588634715602e+00 ]
