%YAML:1.0
---
intrinsic: !!opencv-matrix
   rows: 3
   cols: 3
   dt: d
   data: [ 2.2657327056025274e+03, 0., 1.8553391625224488e+03, 0.,
       2.2256442523124874e+03, 1.0274898214094890e+03, 0., 0., 1. ]
fx: 2.2657327056025274e+03
fy: 2.2256442523124874e+03
cx: 1.8553391625224488e+03
cy: 1.0274898214094890e+03
distCoeff: !!opencv-matrix
   rows: 1
   cols: 5
   dt: d
   data: [ 4.7364204594190357e-02, -1.9441464228444100e-01,
       -7.5039153649975963e-03, 4.2780055360418954e-03,
       1.3852848429995221e-01 ]
k1: 4.7364204594190357e-02
k2: -1.9441464228444100e-01
p1: -7.5039153649975963e-03
p2: 4.2780055360418954e-03
k3: 1.3852848429995221e-01
rms: 6.8893897809215732e-01
frames: 2
numGrid: !!opencv-matrix
   rows: 2
   cols: 1
   dt: i
   data: [ 51, 53 ]
R: !!opencv-matrix
   rows: 2
   cols: 3
   dt: d
   data: [ 4.1760091882789352e-01, -5.9248271064548508e-01,
       -2.0453952656501300e+00, 3.9692761491210315e-01,
       -1.0076659562010537e+00, -1.9164927306249981e+00 ]
T: !!opencv-matrix
   rows: 2
   cols: 3
   dt: d
   data: [ -8.2289504484003680e+02, 4.6381405947816489e+02,
       1.2746151839166225e+03, -7.8287509983363145e+02,
       4.0349580744179593e+02, 1.2075100862508409e+03 ]
