%YAML:1.0
---
intrinsic: !!opencv-matrix
   rows: 3
   cols: 3
   dt: d
   data: [ 2.1322344812508313e+03, 0., 1.6180844661172291e+03, 0.,
       2.1267757991891694e+03, 8.3190488068906416e+02, 0., 0., 1. ]
fx: 2.1322344812508313e+03
fy: 2.1267757991891694e+03
cx: 1.6180844661172291e+03
cy: 8.3190488068906416e+02
distCoeff: !!opencv-matrix
   rows: 1
   cols: 5
   dt: d
   data: [ 5.0788489706271844e-01, -1.5704580873505469e+00,
       -9.5316041780383859e-02, -6.7302962575290035e-03,
       2.3925286144186630e+00 ]
k1: 5.0788489706271844e-01
k2: -1.5704580873505469e+00
p1: -9.5316041780383859e-02
p2: -6.7302962575290035e-03
k3: 2.3925286144186630e+00
